F F 8.44157651199487e-12 0.6041761158089941 0.23160347631901887 2.462141350568377 0.7547356596706961 0.5935519651333997
Cr Li 0.07947436864122563 0.33059585214155746 0.7275511163569536 0.6908424479910232 0.20716530144180986 3.596915165155689
Ti Al 0.569246849066123 1.0688190321322828 0.1684511605297352 6.486563509198726 0.33567206075181344 0.3698270294745548
S He 0.29867074435817265 2.273985838165522 0.6894762598523059 0.5485901494870967 3.0894058079594536e-12 1.6356594499453705
Cl O 0.13589459454415426 3.1898827620937955 0.22510771374599192 1.3466031919391455 0.6309168499700382 0.5217963169664291
Ar Ar 0.20258005284826203 7.848862000628227 0.588793383434891 1.1099090983850042 0.32859381871419474 0.3335565983246044
Li He 0.7631288203115386 0.5038968550509136 5.9581797316376826e-08 3.2744804745474 0.30214697054137557 3.4361737020991017
S B 0.296225226610083 2.179420159292667 5.284175081268723e-07 2.1830362059382464 0.6885043316959301 0.5278913753272884
Sc Al 0.5820807347066247 1.0460976279221357 0.16042768406518934 6.164316274659725 0.32024756578493 0.3556249340213119
S Mg 0.4539070558957713 0.4226909134597144 0.45609057737558184 1.1842979066126775 0.108418179238807 5.251873366047018
Cl H 0.22338450422924438 3.0086794462241824 0.772237952531014 0.641495241323862 8.898426653489357e-07 0.625937417114527
K S 0.3464541356218514 0.3523851701748219 0.5714206136506338 1.1211649759247557 0.19979627603742814 7.820568362887389
F He 3.4707078938332395e-16 1.9592208957286779 0.9302427695871156 0.8124284172182286 0.011221295837486916 6.498064409778397e-16
Co Be 0.29428085472947063 0.4499256280032446 0.575210761328452 0.9161037113346909 0.1809471111468 5.28148029504028
Na F 0.24390993623211554 2.410260695015563 0.005680953887586896 1.1065611741327718e-14 0.7365797927310123 0.5806683195919573
Cl Ne 0.4785594543770166 0.4418965256894514 0.11429096210767664 4.490672214925818 0.41661566790121324 1.170370564272879
Ca Mg 0.5801566038063732 1.0398290965317605 0.3208024032588157 0.3493774769532619 0.14703116032424912 5.771524655492638
Mn O 0.14666680949015143 7.569449989020173 0.6438295038219716 0.5647918255113672 0.28743156739402 1.622894025391691
Si Na 0.4877313853884628 0.9850298805693314 0.1305313691610739 3.8277814584540684 0.3824246913275558 0.40395822650942487
V Al 0.5444205327003349 1.1169813564345026 0.18553574441147225 7.156903416910886 0.36636237259890314 0.3909156739620766
Ca He 0.2874853276775014 2.5266577612463643 0.6983604773180276 0.5456789927231813 0.008026128064926462 5.548077571167959e-16
Mn H 0.8167601726417308 0.682251470116311 0.22434797608251816 4.581096019034027 3.3995002989704494e-10 0.8402476994323216
K Ne 0.47395292231921854 1.145552243449225 0.43012297894169815 0.41507970772342556 0.1232924953744723 5.309548708313046
Mn Be 0.3675549114916842 0.47448485001162893 0.17493351539212462 4.434850914283834 0.4858457804420185 0.9185898192751705
Ar Ne 0.11881664128955996 4.929699204580669 0.4655323293844134 1.1345031108475756 0.43425391016080583 0.4156870585388085
Ti F 0.12501484138461064 6.499777606231927 0.3575231977837864 1.4070859501848736 0.565611685195188 0.5055719464649067
Cl P 0.16006048512804064 7.196289569379044 0.5492896050331713 1.1365349433324352 0.3699622692445022 0.3663137682737593
O Li 0.908593946079402 0.7686107380923931 0.7928032117750431 15.435786938873665 0.01492525816491766 0.20282767132953383
Mg N 2.582096593824717e-09 2.181749310265756 0.6893117350559684 0.5378061661451089 0.29172183998883966 2.0891150632621796
Si He 0.5767368510224871 0.4808870778592714 1.8016349658547036e-09 0.4753135706540228 0.39669697108960683 1.693178184595366
Ar C 0.18811073225030825 2.9116181816253968 0.396481075813377 0.4221448441906347 0.40856875417412436 0.8778930154286866
Si Mg 0.5014257820391198 1.0197219530185115 0.12385019845727907 4.250674134516139 0.3817475163380643 0.3947470814722717
Ca B 0.30252589061427404 0.38120910235979116 0.18706943468888912 3.1525350255285143 0.509574639402828 0.8242699004777564
Ca Na 0.5368912672436281 1.0864012916286325 0.13867513553520827 5.732164205296578 0.36715793510866124 0.38101837702482383
V O 0.11440259479445189 6.289281504651206 0.2913014429130437 1.5777002387063317 0.6345789883054695 0.5484030448438403
Al Li 0.5218350758835685 0.43427934746220886 0.4492108616067261 1.5394875846721965 1.1460001875174768e-11 0.4224384149108595
Co C 0.285567283420442 1.5019313733652115 0.16062201466682377 7.080511191762586 0.6318242100720559 0.5754165033721669
V H 0.23680582426941976 3.8199942863883485 3.7193143177648534e-15 0.5419561363884807 0.7863668434402628 0.6345168137225896
P N 0.2746233671008168 2.2445476370243673 0.1163114927501899 0.5462178166453266 0.5933164365146341 0.5457688243724595
S Na 0.4243425214845968 1.1776578657299233 0.11092973001451953 4.67707065553087 0.4757396289144741 0.439293408841182
Cu Be 0.19903552621740506 6.709093547453055 0.5717674886923519 1.0082615676011608 0.31959413958376454 0.4394597898041734
Cr Be 0.18195264700996852 3.921774897713139 0.4357966879643012 0.8925116206406812 0.4001709735769841 0.4877538950180573
Cl Al 0.512877133616569 1.1462294146575647 0.4013660963575492 0.38997970076151134 0.12761257002615364 6.09596266327788
V Ne 0.45807078191690587 0.4545485848143211 0.45549909342506906 1.2090381716181386 0.15991328912633504 6.784926351938521
P P 0.5001094187635308 1.1782495785529608 0.4186767688528212 0.3986558495451943 0.12728623457296603 6.402468733060517
Mn N 0.2833229714321753 1.5229414766191707 0.13644537734650186 6.447645520959407 0.6347919354824058 0.56398040605587
K Al 0.5856540051847309 1.0481850918849345 0.1473978094747065 5.981115053325876 0.3188095819711945 0.34015240609913966
Co Li 0.17900885940807465 0.4059924844248818 0.1887296196704249 4.914922184659641 0.6754320605353927 0.8237411588420244
Ti Ne 0.14825708183651584 6.427611432230487 0.44881369268168886 0.4438794378054345 0.4631898875130123 1.1918254520975153
Mg Na 0.17762668604661552 3.043878635978766 0.17979795698934573 0.30592109586246446 0.6361730048901911 0.7486139396658106
Mn Li 0.7232613555609732 0.7252017763071931 0.09931024131016904 0.34806221845415375 0.19937325287543092 3.9438688421748376
Ne He 0.8120257947061431 0.8820786713604984 0.05997434138747311 0.8820473497890711 0.07319701161686552 0.10204173592547375
N He 0.39359764830079036 0.7242146906451622 0.5245714683639415 0.7241783538679775 0.7192981799658859 14.654127180088597
S C 0.27692211919189375 2.284692007530017 1.2180502534514052e-14 0.907483200790211 0.709391214198723 0.5438483625579296
Si F 0.19823618056725012 2.7027828061162964 0.5038201737695814 0.488204639280638 0.2865906148600201 0.8869738385707018
Sc Ne 0.4392876135532655 0.43204842892528256 0.1370792378269375 6.046878323230751 0.4709041422693966 1.1750401387225258
Si Si 0.11039517362069438 5.510778341628213 0.4471326090182717 0.4173640843244207 0.46548566007768183 1.1815417162740989
Cl N 0.23126962325931988 1.0805703716027075 0.5781207244667477 0.5004278441722844 0.18107184645082583 2.835498148499195
P O 0.6959022671367453 0.5492451848935047 0.047896621789441395 1.0877127818531576 0.24185305786149452 2.398414541948268
Co B 0.37863527482493997 1.1720258037583628 0.5141689193275433 0.5342102232822821 0.1683698559559799 5.999454733601916
O Be 0.2697537312449236 1.4318168111593397 0.6776282447455229 0.6163066852865203 0.005459445646267811 0.616230212215164
P H 0.28367660616010876 2.1477621103941864 0.6923202369034734 0.5864868991068396 0.001072536464625089 0.5862117107797007
V N 0.27970763888872774 1.5058537494165392 0.6322084660239922 0.5482618636068006 0.11588796137046013 5.419152755598809
Mg He 0.521383091861985 1.232838416890923 0.38098199554485745 0.3833972067556326 0.057355989027311836 1.232781588044609
Ga He 0.3323374175252148 0.48357865997137817 0.20629407333032754 6.81393380776326 0.5521403410708947 1.0176148474711613
Ca Si 0.5895502914740199 1.0531414239806525 0.16309630168222045 6.394982103742582 0.3159596328610306 0.34272463146511084
Mg Mg 0.5771765983080627 0.8700423844462839 0.14392383038783524 3.554573616871253 0.2767733312329118 0.3477687249767776
Mg O 0.15664651940074767 0.5555130404826456 0.5589372170917921 0.5555121406434094 0.2674050737663971 2.2319905232928483
Ar Al 0.3444378096817435 0.3529231150725908 0.5638261071448437 1.0789295264915482 0.1379304812966833 5.977664194395273
Al Be 0.5540861046525037 0.44702144488899626 8.06628784651883e-08 0.4703294147973517 0.41919948241637767 1.6252688776331021
Cr F 0.5845316013127437 0.5275256270585962 0.3423304221432069 1.4575453148475872 0.15602517363831267 7.515144952156963
Mg H 0.5914410794469753 1.1224858660144186 0.029690657292080997 1.1224853669973296 0.33022708817566604 0.4402992916158218
Ca C 0.5460199475186736 0.4885290314199304 0.2969075089296418 1.122572208710433 0.15716868717698576 3.386478912883647
Ar B 0.6087493470398212 0.6621353294377379 0.144135187455593 0.28506930990673235 0.2373325471559922 2.5570216893665414
Cu Li 0.2159595283303231 0.40202838747881425 0.6587002497427311 0.9001758772701454 0.19524258896199237 5.946325029349723
Fe Ne 0.2372850431900354 8.781611202825978 0.4184107684989944 1.3179286385785351 0.5054963300794435 0.4897151076973804
S Si 0.4282644048498222 0.40503073338720674 0.4914147411775008 1.1921729163989887 0.12643317394095435 6.4357682559719915
Mg B 1.270883701488118e-07 1.6820841291999782 0.5905889567741799 0.4783280371451493 0.3822874622057743 1.6805038238910521
Al He 0.4745263141097595 0.4233814459327484 0.4789734496485067 1.4209520682296868 0.012577740566121988 1.420916113780896
Cr Na 0.5021011693185387 1.1440175858921124 0.17764926169130774 6.910279678938066 0.40718375192473083 0.4301802422156567
Al Mg 0.5439541175328974 0.9390930191801851 0.3258498975692541 0.36871717043962 0.13246694785020513 3.892794302662227
Ar O 0.5888272578876469 0.5005354691217605 0.12169503793133889 3.6603197495399726 0.2875884905023383 1.3060173002233488
Ca N 0.5752892390027226 0.49878273793037425 0.12735253819019512 3.9150129773460396 0.30208143186433606 1.2799226958714505
Ar H 1.5613677200789695e-07 2.5018347485524624 0.6952502306188116 0.5547648677042935 0.2984986246190469 2.5227442864441896
Co O 0.2902646502655787 2.011528849456941 0.6807065798764199 0.583629448526017 3.3841901175706984e-08 0.5736219753559801
P B 0.6646702561684052 0.522168404289089 0.30524103060720403 2.0927713188182873 0.012361138090710166 0.5221125405220666
O He 0.5175872143503595 0.7984444800123112 0.42513837508706576 0.7984310732049744 0.0008315359701187488 0.7982705621851525
Co H 0.8376315981115603 0.7242690346286251 5.4470012049497485e-21 0.6896176441296762 0.2205987252573246 5.2969341911424515
V C 0.2558111948272618 1.4071694907757 0.13017750990527943 4.568994903427531 0.6324871812398413 0.5495182740260015
Si Li 0.5867142680594593 0.46979625169283523 9.288558884606903e-09 1.7596470755237732 0.39054758399344636 1.7536114611909988
Ga Be 0.3543678354524897 0.43715093520654147 0.5544999262109235 1.109798751060978 0.26527505507439364 8.741244590198319
Mg Be 0.007770347497651884 1.5168214287079862 0.4340076107560122 1.5174193024480545 0.5276219141448871 0.44078831830365045
Ar P 0.16644449002161174 6.908773553232594 0.32898261740979373 0.34069618976195487 0.5839341669285678 1.082357300573147
F Li 0.5646272403754311 1.0588140527985412 0.3773858789170041 0.49558188003874276 0.006664206632908385 0.495557202438587
N Be 0.7226148182977783 0.8560330794156533 0.614177025344941 14.179964293312668 0.20198943678276132 0.4150938346585768
Ne F 0.2644248442209758 2.2341273167042552 0.0028853104206272707 0.5603973004908196 0.7156056069149421 0.5604156828771708
Ne Be 5.199462587082046e-09 0.5013528074303941 0.5375331685285206 0.4829597934371352 0.4249885974199219 1.4126534248975868
Cl C 0.5723931074864695 0.4984583395190699 0.17075624651352644 0.8851053338204334 0.24356545096760648 2.412944224303808
Be H 1.1545989242617847e-08 0.6154993623349494 0.24550173847236104 5.409660356778711 0.8523501365545147 0.6166203557533241
P Al 0.47536272394315615 1.1597360812781057 0.4347553658839952 0.41066947612832266 0.1126210963037578 5.41659472296527
Ca Li 0.7129486316495875 0.5735366279408766 0.016456688231511446 1.3639517795439485e-15 0.26451131102177083 2.58524513296898
S N 0.253248444995766 2.3522640956828376 0.044933388347215504 1.0454505027666503 0.6874776443013306 0.5416133408752719
Sc F 0.362091147629017 1.3821378136072835 0.11505508785724768 6.01454945153055 0.5581305573076744 0.4957358126930944
Al Na 0.5444429253419398 0.888417287750265 0.3083144064637053 0.37022663251262145 0.14435942280219788 3.506798630708635
Cr Mg 0.5292761725968143 1.1214396743905573 0.18332771501835102 7.012981620924203 0.3796502761409432 0.4086816418118408
Cr He 0.2009968787292118 3.3814691498660268 0.0278877641870756 3.3815664664518312 0.7819263365023106 0.6275524363343806
Li Li 0.7914204626492627 0.5211224753093959 0.26762243801375996 3.753951693135624 9.406170730237907e-08 0.4765036009499352
S Li 0.6671281906372836 0.5187873959556539 0.003825129638189778 0.519012218543461 0.316448251104768 2.1733900048091708
Mn C 0.13796195726714439 5.549153289677389 0.2725823253240629 1.4214576421839729 0.6290033381773972 0.5659830538283146
V B 0.5136455215377932 0.5041732537334203 0.15944940253144232 4.040687924756504 0.34222459901418684 1.0709005561326166
P C 0.2822404720106437 2.2298208759146894 0.0026646282661027952 0.5401665947398228 0.7001983550843368 0.54010665139817
Co N 0.18414265107622294 8.235400399575402 0.30060080186858384 1.5581096349149284 0.62763073149677 0.5670105953184505
Cu He 0.11346542757700255 0.3774750400253192 0.7402372341357882 0.8078835211049841 0.19891644976406808 5.2611922154040025
K F 0.5249865423188884 0.468246090113383 0.3798651988480675 1.2729893930893084 0.11067829769653716 4.892793536260302
Mg C 0.03664599657063927 0.5150553014157861 0.3267912352673848 1.907135764980014 0.6145127712451184 0.5151141633019212
Na Ne 0.7445469415424613 0.5973535783341043 0.013680532832260013 3.866619166521314e-16 0.23054349930194917 2.549198968495888
S P 0.4046576245219484 0.38768932216265606 0.5171343299250827 1.1779364596372244 0.14228059843110571 6.979285665348835
Ga Li 0.23030334687562007 7.782851415754986 0.5796455374496567 1.048369648298167 0.3187018009677266 0.4367819164914978
Mn Na 0.4245322500881919 0.4414177754514229 0.48894481624947655 1.1793698399048078 0.19816756965058163 7.5380218623238
Mg Li 0.48163268150642236 1.3910711531484765 0.47068959615790834 0.4160701237271549 0.013492137799553357 1.391387997590361
Ca H 0.003064864112107166 0.5555785045163592 0.2864176075991978 2.787709302084564 0.7110911727265256 0.5556410738601711
Si Be 0.033378919985737124 0.47584558785062286 0.5730115502925166 0.4759016063619333 0.37297722013732276 1.8273750483384739
Ca O 0.313130744923567 1.4080903188803557 0.5924305389613551 0.5065363760191052 0.10340821761671598 4.6061713105509705
Ar N 0.35530238519635965 1.0389419618709894 0.48611163374340804 0.45819384365431237 0.15446127689233272 3.263609259302232
F Be 0.4790615566334612 0.5861204127785723 0.186400241347079 0.5861460001936838 0.29348413763511383 1.5435775862018606
Fe F 0.603470095261636 0.5435260544343131 0.331420708885367 1.5443584442203098 0.23081618528845194 9.41199116735756
Co He 0.8162247440883762 0.7036116782882632 0.20436975290739898 4.31775266827173 0.009492266215236524 0.1635169588762414
Mn He 0.20715641686845596 3.512381396450422 0.014011693699974017 3.5125635374288833 0.7913249305874904 0.6447025165511168
Ca Be 0.0965796031941253 0.22079280966933884 0.6734094964306254 0.6598145178314566 0.22664120337930777 2.828567365444111
Mn B 0.5344290069085279 0.532144224810816 0.3432949053106582 1.1478389609528672 0.15540252852548284 4.913103578204934
Ne Li 0.32523483076606763 0.3734930473298641 0.6294793868741692 1.1071856677327736 7.239871873871993e-11 0.9190011348165018
N Li 0.5166588661150272 12.939497809732325 0.0067483857419042646 2.4890728183629565e-33 0.910080264991699 0.7389896927925885
Ca P 0.5768258557848154 1.096392801908776 0.18376027728925268 7.246230000002201 0.33623653423391 0.3513514500447753
Li H 0.328450914652647 2.8279814816972246 0.6712636509274846 0.5447787770528447 0.055607114834332116 0.5448015455142753
Al F 0.22603252438943514 2.540133665902433 0.646240606202791 0.6410400482919425 0.1154029250727949 0.3335673962475403
S O 0.059004423874932814 0.5554865479286669 0.2668912719622027 2.2327267475939547 0.6561879294895672 0.5555240687293962
As H 0.7582817169169024 0.7116720795068494 0.14091276884105772 2.01607197653248 0.16896931306345367 6.929242777589951
Cl B 0.6101051240205454 0.5760188795270079 0.28025659971063094 2.262203308561891 0.0953308445925609 0.33579903570175307
S H 0.0012102475593911916 0.6350716735437486 0.22783203512356356 2.7055650074978908 0.7580585770494732 0.6349635492876412
P Ne 0.4254408486374154 0.42672713389963524 0.13125959806547166 3.713593580075472 0.44233167780545424 1.0217483457005738
S Be 0.6726347713770391 0.5187250277292019 0.30885056039523906 2.1276962913059694 0.0022837173343837128 0.5188435216159436
O H 0.3181015171380482 0.8406648634041723 0.3179815180650716 0.8406503750461466 0.31810497626815554 0.840638292959163
C C 0.0017892601071170563 0.7012513713569001 0.8783442478261952 0.7004355681855465 0.11373999901665297 4.25798733182855
K Li 0.28452876747839667 2.402376941544211 0.014709562149717696 1.065921916834299e-15 0.6911660840747562 0.5500875699149524
O O 0.5554041529028916 0.6538043375236798 0.25995041538807667 0.6537997034452423 0.16670824326827133 2.801306500695413
Sc Be 0.18325078123468533 0.33368452266631543 0.20772702131918214 3.0949795693888382 0.6100886371981683 0.724006228302577
Ga B 0.3395155285749891 10.152390107408651 0.49086304161607336 1.2227960169125296 0.4293503202441725 0.46981493910512323
Cl Li 0.3108763967041331 2.1889857352293953 0.672964836235801 0.5197587449176334 0.0020862832120940806 1.1916891127419665e-17
C Be 0.8819395656834991 0.732762692939415 0.026370137254182417 0.12254250426823043 0.3055468197460382 9.937155914544197
P F 0.558252177103148 0.4956247485224626 0.2790326186319959 1.1007390792771157 0.15397902412877987 3.0842882161300147
Ti Be 0.1988010056802446 3.3003626084765902 0.5306085558114171 0.77657938573907 0.2756602395850282 0.41199761973823407
He He 0.010856797204472492 0.37683016449190754 0.47784756622741165 2.079640056895163 0.5588806052565125 0.37681875631680006
V Be 0.520583006852371 0.8136865804771359 0.19103079717983418 3.6077331379634576 0.3005205332876808 0.4320734862049933
Be Li 0.23208469809506677 5.028880668556841 0.0199076007373778 1.804591010187356e-21 0.8248786677836705 0.5961146860835259
Ti N 0.6340030821692823 0.5403651119150782 0.27161198811764303 1.500667914539051 0.11182615739579997 4.864943295734416
Cr O 0.6514434869280729 0.563564182206213 0.12444590516003316 6.893427246966895 0.278871124501095 1.6447495401443142
Cr Ne 0.43065606885375424 1.2675313050717867 0.4880267551609553 0.4745191487627948 0.1774899708095535 7.455835059584447
Cr H 0.8105666113510883 0.6696359611145971 0.2264175762547231 4.396169335075801 1.080668619982307e-06 4.397153959365161
Mg F 0.24179004657270864 2.4551814237180154 0.738411751709343 0.5818482809774702 0.007189689590470007 8.382284519523374e-17
K C 0.16863337082718494 3.18588769792058 0.4423399806061369 0.44103733834005737 0.3858227244359624 0.9640487869006735
B B 0.05824206085475255 0.18011781296372162 0.8513835341777117 0.7538968324942807 0.3034386375650361 9.92702441322229
P Si 0.48362201397574106 1.1709273973739964 0.11915898000596171 5.844409041082395 0.4303060520308324 0.40752005527661983
Fe Be 0.1702266581059932 4.826076013465811 0.3864478238272278 1.030637313650494 0.47911580682269267 0.5310726900187959
N N 0.852098516325001 0.6851821226796171 3.3192857134198324e-11 0.6028694528173044 0.12574310574876132 3.12371858708313
H H 0.9035297622358578 1.331688251901361 0.08233596882826208 1.3317067948046084 0.12536271364176949 1.3317918307806123
Fe C 0.2552262667852377 1.5321270696581328 0.1414611984467857 6.177874649718623 0.6558357630613969 0.5845455980046185
Na N 0.6914192063560493 0.545564484114938 8.697683247415522e-09 0.6769738074173937 0.2885876587974311 2.063161981556936
Al Ne 0.601214496696575 0.7581418381845547 0.21060180690944041 0.33391947230114094 0.1807058642055655 2.9758794297843263
B He 0.8682203597434357 0.6128119751975128 5.6340647263080525e-06 6.45497576050792 0.24716366223441627 6.478634963200456
Si O 0.2599814311066918 2.327990581266469 0.7224858707528402 0.5589533452820313 0.0028859697171810996 0.5585538557870168
Ni He 0.8143743541933208 0.7318141435704721 0.20389791760565623 4.701384293229947 0.02247601103042458 0.2687778530948085
Ni N 0.3032993823767195 1.920775099501351 0.005878027481568819 0.57856724490866 0.6582884745800687 0.5785614108597096
Zn C 0.31527528245532765 9.932511302951905 0.44852895561885436 1.2784327511960552 0.4742351235216222 0.4910296803432753
Sc B 0.32245921942643313 0.99158734091556 0.5013113631500182 0.48219897035078674 0.17821662518999476 3.3057492304784786
Si H 0.6535712266368217 0.5755144121001031 0.3152633463028299 1.8452056099015492 9.195156914362797e-11 0.7053833437250517
Ne B 2.772154038646933e-08 1.6631794400502922 0.33589631545409115 1.6618987686312157 0.6318772301133376 0.5288549242849461
Cu H 0.850373740640328 0.759146443020959 6.712951593234122e-08 5.850278654480325 0.22630794264663795 5.935857074422456
F N 0.7751849102353572 0.6211771156098606 0.20286544903420006 2.389060907691211 3.1131175953731427e-10 0.9283265987550131
Ar S 0.5776507000786377 1.1041793991061553 0.18467697421238963 7.45665838606375 0.33853686659933807 0.3464021822861586
Al C 0.3075684839637715 2.039316450577618 0.0021603001466916783 0.5246029077190887 0.6713522330825971 0.5243849776271051
Ar Li 0.2962764029408934 2.2885727571971173 0.012047207514205445 6.054150652150257e-17 0.6794521031873987 0.5380793675696532
Sc Li 0.7272153324409801 0.594189609388334 0.02024957853944115 0.07625872837334509 0.2498074781887602 2.759912227109297
Ge H 0.7878117644650919 0.7516985648936133 0.2000206848742571 4.571878132320056 0.039984454558659926 0.7517213430726971
As He 0.45177863968622906 0.5171192969443825 0.2713688224823849 9.274091410812721 0.4579670200994108 1.2425577519896513
Se He 0.34263595759477944 1.8054056982768032 3.086551478189952e-08 0.5696789898327524 0.6146554127050966 0.5856172710018821
Mn Ne 0.1977241343874573 7.8597821153368645 0.437365886729955 1.2622825418981163 0.4816710638890676 0.4749923293575614
Zn He 0.13024075700412974 0.3265081567469231 0.20285018347265527 6.010529099580821 0.7386461781205989 0.858978596878565
K Be 0.2519165399715457 2.55846088206585 0.6871725948006623 0.6060631640078658 0.052881238061264435 0.14080826179565756
Na Na 0.20959877083239645 2.7203760622542794 0.05617271524073348 0.17513946306723455 0.724746841432971 0.6436107523467519
K B 0.558494471889746 0.7487328581663287 0.22862377122715558 0.33336049824745984 0.2074180546498132 2.852089095867649
Ti Li 0.23222337343539978 3.014175484100177 0.7406922677535043 0.6244663919637451 0.029427244470948837 0.14889602830074794
Ti H 0.24346364236566606 3.6060880154915935 0.0019226832536962855 0.6181017139653192 0.773272245936936 0.6180693305086357
C Li 0.893202882957629 0.6876170170618155 0.0055989954680941674 7.677251182316547e-24 0.2824131513754904 8.93929398532347
S S 0.39064887623817146 0.3796165223595863 0.5321201779441578 1.168401010478119 0.16499965616189047 7.540716148306602
Cr N 0.7074704931691788 0.5858575498171894 7.773000902786275e-08 0.5973158315369471 0.27020617977711386 2.1747952560542716
Ti O 0.29256448915113076 2.0333197312421154 0.015145161368966637 0.559361825055154 0.6676596350550926 0.5593533202886279
Ge He 0.43240936725917356 0.5216318498776078 0.46617088289841374 1.159626512890951 0.22494222451527535 7.899188201210235
Cl Be 0.004195728006694125 9.140101972595456e-14 0.30430209504413014 2.1740425393086 0.6765444523802939 0.5239913973723922
O N 0.14668428358409014 2.8692383714256353 0.03868764458495559 0.6695331647744687 0.793049903523425 0.6694565627444666
Be Be 0.036008089740102056 1.1180888676273874e-30 0.8413713325620518 0.6615043629958085 0.2303673520775291 6.547485588849772
P He 5.320406535099283e-17 0.5704705133272769 0.3565114328636218 1.906592964648428 0.6231255415361736 0.5025262764936009
C B 0.4469312729360002 12.682227930498902 0.5423900875796289 0.5703910603945781 0.3815227899430485 1.0335991001602889
P Mg 0.42718419809395175 0.41113226438203737 0.4723168478179468 1.1158977781447539 0.11442988589612237 4.808765238532386
V Li 0.21624160295884734 3.356149566761949 0.7599375418430507 0.6528180482336937 0.03313124115175589 0.17806395757856414
V F 0.3578221961831515 1.403681953891042 0.5653646321433166 0.5123237521963384 0.140359093510986 6.908107146983135
Ni H 0.2250032673797752 5.740933104817508 1.4332480743794603e-24 1.129370481064917 0.8464688037781081 0.7447340152686402
Ne C 0.6882711371163952 0.5574841912546832 0.28485902044409744 1.9099255204162187 1.234422262205763e-07 1.8945342006537216
Fe Li 0.19016245382847005 4.3909983378260655 0.6179263091684241 0.8049179522853694 0.2226551252351938 0.45226703206032365
P Na 0.12114569111419408 4.192161491253358 0.4293647532699821 0.42134194135168773 0.4549468255975184 1.0706173207180782
Ni O 0.6074302754931581 0.5523433117238556 0.3297396283786008 1.5716064400699987 0.32345630145630755 10.75161300380177
Sc C 0.1423726081998771 3.679962102440389 0.2478672343206624 1.3021340408927844 0.6138077302859202 0.5239932907051058
Zn B 0.5268703534685749 1.1356140551471592 0.2545756655911006 8.611827427305762 0.38447610607479954 0.44970771689708533
Cl F 0.1104985407781637 3.8576450158955686 0.29909198920480273 1.3351655306466568 0.5889062832771002 0.49977746611655416
Si N 0.273727959911258 2.245644360500517 1.0049856230078032e-08 0.5630741634387935 0.7107347156467675 0.5475986421647385
F H 0.3185447393913375 0.8695211661354406 0.3185451467225295 0.8695212460855573 0.3185477150402836 0.8695028183463128
Al B 0.6065425591292135 0.47989280869606055 0.37018340038158865 1.7826272629339341 7.951607485030031e-16 1.7799577355143723
Cu N 0.31096561293842323 10.192668060466191 0.37765816732278107 1.4188886581032338 0.5517451046587125 0.5281901648841408
Ca S 0.3634456246535712 0.3647880243237537 0.5576239876910739 1.1519340200688042 0.22742470344959434 8.448164792043947
F O 0.013928861059505632 0.6167461450567997 0.2075934300921719 2.511138824088137 0.7615189016407996 0.6167423662663196
He H 0.938216676374284 1.1087847705391596 3.6793297088226094e-09 6.872238165547828e-07 0.08999426777869884 0.04141468453238045
Mn F 0.5955469593513143 0.5365724346373538 0.18262923699202305 8.328970725737765 0.335264762029384 1.5024581898210172
N H 0.93876054098995 0.780239344339015 0.003729244012014212 0.780307205980045 0.002338016405731768 0.7800547856186166
Na He 0.24218523631894845 0.31717700788409775 0.04393666916232741 1.044610861571009 0.6664893063521747 1.0445343656218888
Ar Be 0.6835348028754329 0.5493420481835855 0.017943044527862523 0.03433919974594134 0.28604374623569423 2.2997046680143436
Na O 0.727035860785296 0.5667010906520626 1.6118691367185066e-14 0.550653678585075 0.25772209116753236 2.303882620474626
Al Al 0.35721236446584387 0.3793623322116043 0.5251698996272722 0.9964036545823018 0.12534783964351706 4.2697387355908445
Fe B 0.32764748134549665 1.1841221327394373 0.15967247793455938 5.2957643404626085 0.5556813224872073 0.5514661459383614
Na H 0.8790013840066586 0.8885908391676444 1.3770513618230396e-14 0.8245477319182083 0.06392713087843109 0.22597920034258728
N B 0.7898627584480993 0.6483072394169863 0.00030908440400115344 0.6477921359182239 0.17016737710748123 1.9757359660940237
K Na 0.13027332067678896 5.694011899156309 0.5177932307959557 1.11261263463228 0.3891420301031307 0.38978674536754393
B Li 0.23485041481938904 6.7377781219065875 0.8606423600070704 0.6490567439109847 0.017366862793469898 1.5614583785333003e-13
Ni Li 0.1907118480482971 5.202633602227465 0.19180762515211167 0.4182371202137954 0.6682976777344023 0.8441764166811273
Sc Si 0.5652184959957743 1.0975553003600054 0.3461760165934554 0.3672782413027464 0.1812297019124615 7.102483129486376
Si Ne 0.14711243426768955 3.380959902738751 0.3719283359833864 0.4087675043596703 0.4763783752704755 0.9258232990091806
Na B 0.36413181304457937 1.6667055558394905 0.6065775137705062 0.500563242608693 9.436225150275022e-11 0.8166501598654183
Fe H 0.8398964260887319 0.7192721740797271 0.22598642187090004 5.490965748024403 3.778001081442624e-07 0.7207501898637231
Cl Na 0.1134931922595511 5.163472131957948 0.45647460716202304 0.4263964242171985 0.45003755213967434 1.1777546873760851
Ar Mg 0.5378818385982126 1.091883758234972 0.12968647665761593 5.6604667986297175 0.36860875795869646 0.37248028380950965
Fe O 0.01285800903368779 0.5930010563637707 0.6884774573184519 0.5930155340489983 0.2735968972209898 2.129764398240434
Ar He 0.658419998457016 0.5165796450756397 0.007176393036451969 3.9260412444556583e-19 0.32176583852417445 2.224190029947467
Na Be 0.5334547882077671 0.4623180411900086 0.4327354227873973 1.4699297589739975 7.088523659762441e-11 1.552568377166327
Ti Si 0.37626110335720653 0.387957879686881 0.20709948984063695 7.886051869974427 0.5407149119824635 1.1472689216881091
Zn H 0.20382864757162084 5.179958653750002 0.19663669048329163 0.5535226659284522 0.6463063316432521 0.8237033369405062
Ne N 0.017455817494424763 0.5583853414974956 0.6816827650469527 0.5583815899147057 0.27746800401728616 2.0200567648251417
Si C 1.8474035990283535e-09 0.5351025110978788 0.28228204804485874 2.1992315634769946 0.7016607594299039 0.5419857512642154
Se H 1.2837871921857165e-08 0.6978048277761086 0.7974327247818931 0.7323641485200607 0.19952255881907865 3.555970275707239
Sc N 0.27729778227750423 1.4279425749191763 0.6178189680006637 0.5250278263984176 0.11417584801434108 4.346064728275579
K P 0.32295140240516435 0.34039451709809143 0.17096483009201754 6.850002231947947 0.5875841056125842 1.0735570834608619
Ni B 0.3834582709279569 1.2342363666552632 0.5207527694904694 0.5339906945537877 0.18250483756632127 6.9260021045071385
S F 0.27023602465168656 1.2743237133117913 0.5966519563020746 0.5074496505453485 0.1266840732653743 3.4071951561058915
Cu C 0.24837490795381184 9.019597810939818 0.5304074497741023 0.5249487774835572 0.3914633191244064 1.3415132969167975
Al O 0.0017577978750993686 4.876386306327395e-11 0.7267582605299326 0.5635686176529819 0.25711192700656826 2.3424427031664954
Al H 0.4459862228664692 1.4267837351104449 0.5141251652633053 0.5056057017112114 1.7142161972052288e-10 0.7123218686996975
F B 0.19520858113213513 2.1309039854811807 0.3545007597416862 0.6315348052096726 0.4189051581509249 0.6314912006903269
O C 0.11972037958128633 3.2315555152047946 0.8584074531390459 0.6929657090440924 2.632528682124666e-07 0.7007251461163824
C H 0.47089568077054866 0.759933885423917 0.4712375615568307 0.7599706477499285 0.0015045871832261588 0.7560777189660525
P Be 0.33919110490833493 1.984617994991899 1.4539634241535082e-14 0.3933693807570487 0.6430478227813788 0.4969506160325563
Be He 1.6181139263781537e-07 4.368305282115014 0.8198411462487247 0.5494759479729645 0.2540660886417751 4.445492840886336
S Ne 0.39146896910274454 1.156799846446935 0.11692860872236645 4.084243306942208 0.4944802243218255 0.45404751423690215
Ca F 0.11149368917474871 5.425680325639879 0.374940212245635 1.324573934251062 0.5381637032494769 0.4783348299163308
K He 0.00797937683268424 2.726891596284979e-15 0.30303758969577954 2.36430467217516 0.6790113914958282 0.531101540034497
Ca Ne 0.4288000964328746 0.4187480100325408 0.12886104300903145 5.737827784614812 0.4797129132870399 1.1583419655461287
Zn Be 0.22249905462227887 7.47765898391927 0.6205783156882079 1.007537653923496 0.2770603235589714 0.39415519039208435
K Mg 0.5645091876771661 1.0610347748182951 0.3390006890145104 0.3551851334997439 0.13793298143121363 5.688494793580173
Cl He 0.31245948095638604 2.2848304373422677 0.08655869545804737 0.527996802030382 0.5910843942915142 0.5280075763921284
Ge Be 0.39278712097812674 0.45201839780074227 0.5243294470794548 1.1846578274194786 0.34550199926330827 10.173640910562328
K O 0.5855333169048816 0.4996350648571259 0.11268358327274883 4.106362490364312 0.3058591346902201 1.3480021760015506
Ar Na 0.4045331354588167 0.39701417659954 0.49946663659244883 1.1169391127813104 0.1240685408576786 5.342283546875918
Cl S 0.3619568854194624 0.36232182706026805 0.17810299257343593 7.536958696724023 0.557254159992281 1.1311335610254185
Cl Mg 0.4199731848583973 0.4033992007823188 0.4896205101176737 1.1482702924015946 0.1208199218676379 5.5979374568967195
Ti B 0.1650687013510129 3.674581979701365 0.5257641085025324 0.4988339146165365 0.31751287857004495 1.0634984463358454
Cr C 0.2527245733302907 1.4576383101624673 0.12963376602506876 5.046999133529194 0.6447617990701129 0.565475490542972
K H 0.6681201164957128 0.5198288088252137 0.3239526008910554 2.4293235181600354 0.0011147429269523484 0.5198274136428904
Sc O 0.6553257788641502 0.5498023955023986 0.29605823467958 2.0290876704061693 0.024570793958954174 0.5498719960309439
Ni C 0.19580991070403683 8.072963349087821 0.32666991552688807 1.4398411933688746 0.5942845109133921 0.5585589732689952
Ne H 2.4627884162438203e-11 1.4492683206037404 0.9319060605662393 0.8308136103263155 0.008777279695986092 1.7060860037686904e-14
Si B 0.6561897139563847 0.5092836104380924 0.325278633274421 1.997537046916049 1.4811995426726142e-08 1.9922526079973406
Sc Na 0.5248810050559026 1.1053536226993925 0.14896847858436627 6.118850462002806 0.3815186232954286 0.39838135031713806
Sc H 0.2524440516823662 3.344163794634376 0.7602268205536502 0.599517514988035 4.284443834930539e-11 0.630751693568584
Ne O 0.7223077430740011 0.5723946629029155 0.25539348081765606 2.2679314023204356 0.005628704320566693 0.572391412994599
Mg Ne 0.7179933645299129 0.644635136989043 0.06111249412324644 0.1847407112802654 0.2109127436324427 2.6965452287333993
Ni Be 0.2619170240216855 0.4246634538132587 0.6141031726952063 0.9204784910085275 0.1864108833542885 5.710808277131719
B Be 0.8667895749529501 0.6929566593795129 0.24787145776815425 7.936186708786895 0.026964306331486474 4.785586200405134e-19
K Si 0.15938973686106794 6.469608279702097 0.32013360769870874 0.3397735911347104 0.5880327123034848 1.061335006992756
Ar Cl 0.20300030920163478 7.925336952702823 0.3385591624774957 0.3426729329441237 0.5800633366629576 1.1171335435850818
F C 0.270011857382681 0.638272592936517 0.5214287336429453 0.6382107052840839 0.18310319773164813 2.4012571913859095
Ti Na 0.15861944125600178 6.446355297735249 0.3920075542116013 0.4100619284390411 0.5162807301477942 1.1228081476360818
Na Li 0.061821773796009095 1.2841674471947555 0.46022887553221464 1.284243449512474 0.4390098833633303 0.42225225548036627
Al N 0.6270398034698654 0.5409931649577235 0.28391497464303006 2.142263819256002 0.0707490436733694 0.5410219411711383
Cu B 0.44052756743936644 0.48978525283459867 0.4673412175760749 1.1660863296109862 0.2139742817696171 7.7592784161637995
Cl Si 0.14002903513652012 6.6493540249569145 0.3879338400169872 0.37854858817616804 0.5299408725619443 1.1481129089240052
Fe He 0.8146182800268528 0.6761960384500627 1.7365544938918722e-08 0.6941628462515629 0.21207422487031122 4.065695542574497
V Na 0.39673084204903597 0.4188612359628939 0.16679643830603572 6.604162129229833 0.5112144234893272 1.1281073839910538
Br H 0.19294916814981317 2.2908097276044166 0.2184773950069163 10.35759855564395 0.7422003067252636 0.7001527207701264
B H 0.5250084572806869 0.7185645159548113 0.4115718796886285 0.7185799899804259 0.001514871525617214 0.7190534521052302
N C 0.12362848417026215 2.7947636305886774 0.7314157234960579 0.6830817803898473 0.11566368773567934 0.6830515709116101
Si Al 0.48260041204511467 1.1100212768141409 0.41845329468685 0.40509096718038723 0.11089113669280791 4.819614478166559
Fe N 0.14700186264436813 7.302354663436795 0.6586274932322903 0.5800515361991736 0.2685366993771653 1.6393384948015035
Na C 0.6672305900283145 0.5351194469307466 0.3083461169794708 1.9006885236597626 1.2519549900634424e-08 0.5548654071000665
P Li 5.88978620952349e-15 0.45168242122388985 0.628500585231669 0.49248137756719096 0.3545036037299763 1.951789746723466
V Mg 0.3451746722494628 0.38551011384359074 0.5571710266891997 1.0683517998498357 0.16606705373187391 6.297745343392688
Ca Al 0.5934704992820015 1.0355919402293812 0.15435958628911123 6.01513443102029 0.30871703910551435 0.3390513137889241
V He 0.7696446405601517 0.6180391081655381 0.234511827149904 3.2876288464790475 0.005423891329336677 1.902614921333707e-13
Ar F 0.11327947115444428 4.323175148826634 0.5263880008983429 0.46840571218669425 0.36728964531925445 1.238603568931252
Cr B 0.3035749284912546 1.1644068113522292 0.5642273830265616 0.5348629621856423 0.15498615719803585 4.428331680028501
Ti C 0.2527815082229923 1.3726086315325128 0.6258683657172553 0.5373614640118286 0.13139300326604403 4.112351879388103
K N 0.5520945546892366 0.48556380772311475 0.30737194650027494 1.185645977740257 0.139973765023308 3.5226531432893933
Sc P 0.37120866559933396 0.3769371811511827 0.548803991815995 1.153475957977729 0.22408061734883725 8.336086905087125
Ne Ne 0.7394085947339262 0.5940245472373673 0.23478423430425155 2.477637937091854 0.012824232635278205 9.891783027204503e-16
Sc He 0.00856074059065115 1.726128941323489e-22 0.7292069682841306 0.5775566750376414 0.261727894401385 2.804024905959132
K Cl 0.5686093771290252 1.1427447354933695 0.352490352791169 0.3526222759423721 0.2255368464664556 8.426945766599593
As Li 0.5101491422736917 1.2153305451825145 0.3628155842466589 10.552831269476702 0.40711100770894376 0.4676030532461209
Sc Mg 0.15654211822289119 6.153307977135165 0.5668066079682038 1.060914833710417 0.3369832188917903 0.36792141487032376
Zn Li 0.20893270806643505 6.72583867470208 0.6830853889648869 0.9288594693449901 0.20198942824665675 0.35771764928198274
S Al 0.4316451636702709 0.4089240609083178 0.11923493010162067 5.790445239106668 0.48153538621174713 1.1708368982018191
O B 0.13680479536330306 2.4424553605765564 2.8010865670231587e-10 0.5770401015727611 0.8295574207427806 0.6753730690326646
Ti He 0.24536913099357693 3.009657000761226 0.74840713039584 0.6010965102039265 0.009099922667582788 1.929058883758654e-15
C He 0.9058990149139448 0.6852778530167478 2.9099662297154054e-25 0.7933164684604277 0.3945627069485147 10.923854650842422
Ar Si 0.572993162210146 1.0881659224684115 0.33948330060120796 0.34802903022305826 0.15255195104944072 6.588887864504064
Ti Mg 0.5639801003271122 1.056114552028405 0.3372007690651574 0.3757653881298074 0.15985832803885516 6.0861563125024265
Ge Li 0.5322309928638945 1.1418429216600063 0.3766643794123543 0.46035819362949504 0.27547408050954253 9.047335664235126
Cl Cl 0.19243710803734146 7.757609643258659 0.35116832358734873 0.35420660483063876 0.5676227343171782 1.1238628325454736
Co F 0.28688185982439124 10.029549259581954 0.5764425612939168 0.5313733190010634 0.35669397101227435 1.4813679008040141
Ga H 0.19169584440572515 0.7544230812551603 0.6442318855859657 0.7543659175101197 0.20642558247158319 4.988720086212889